# Id : 0
# Timestamp : 1441113829
# Type : maxspeed
# Revision : 1

16
15
0 0 30.0 10.0 0
1 0 30.2 15.0 0
2 0 30.4 15.2 0
3 0 30.6 14.8 0
4 0 30.8 15.0 0
5 0 31.0 10.0 0
6 0 31.2 15.0 0
7 0 31.4 15.2 0
8 0 31.6 14.8 0
9 0 31.8 15.0 0
10 0 32.0 10.0 0
11 0 32.2 15.0 0
12 0 32.4 15.2 0
13 0 32.6 14.8 0
14 0 32.8 15.0 0
15 0 33.0 10.0 0
0 1 0 15 30
1 2 0 15 30
2 3 0 15 30
3 4 0 15 30
4 5 0 15 30
5 6 0 15 30
6 7 0 15 30
7 8 0 15 30
8 9 0 15 30
9 10 0 15 30
10 11 0 15 30
11 12 0 15 30
12 13 0 15 30
13 14 0 15 30
14 15 0 15 30
